           1   43.500000       28.000000       111.05298       178.41447    
           2   43.500000       28.500000       187.38620       301.05331    
           3   44.000000       28.500000       168.82031       271.22421    
           4   44.500000       28.500000       157.22586       252.59746    
           5   44.500000       29.000000       189.46452       304.39597    
           6   45.000000       29.000000       170.40709       273.77536    
           7   45.000000       29.500000       198.92389       319.58777    
           8   45.500000       29.500000       188.64406       303.07242    
           9   46.000000       30.000000       180.10541       289.35379    
          10   46.000000       30.500000       207.91818       334.03564    
          11   46.500000       30.500000       170.37315       273.71713    
          12   46.500000       31.000000       189.21880       304.00089    
          13   46.500000       31.500000       198.46532       318.85599    
          14   46.500000       32.000000       194.39400       312.30469    
          15   46.000000       32.500000       207.54062       333.43289    
          16   46.000000       33.000000       182.39476       293.03415    
          17   46.000000       33.500000       166.09996       266.85349    
          18   45.500000       33.000000       171.90233       276.17758    
          19   45.500000       32.500000       196.40363       315.54199    
          20   45.000000       33.500000       147.84358       237.52419    
          21   44.500000       33.500000       129.30911       207.74638    
          22   44.500000       34.000000       61.829800       99.334190    
          23   44.500000       34.500000       78.680145       126.40833    
          24   45.000000       35.000000       91.836639       147.54507    
          25   45.000000       35.500000       163.15393       262.12274    
          26   45.000000       36.000000       213.04428       342.27289    
          27   45.000000       36.500000       248.32355       398.95789    
          28   45.500000       36.500000       290.47278       466.67615    
          29   45.500000       36.000000       258.92813       415.99405    
          30   45.500000       35.500000       216.39658       347.66522    
          31   45.500000       35.000000       176.96497       284.31125    
          32   46.000000       35.000000       210.87109       338.78326    
          33   46.500000       35.000000       193.60464       311.04074    
          34   46.500000       35.500000       224.60738       360.85529    
          35   46.500000       36.000000       259.05331       416.19122    
          36   47.000000       36.500000       203.09724       326.29880    
          37   47.000000       37.000000       233.13345       374.54645    
          38   47.000000       37.500000       265.18362       426.03824    
          39   47.000000       38.000000       277.91324       446.49408    
          40   47.000000       38.500000       272.61993       437.98950    
          41   47.000000       39.000000       261.29279       419.78683    
          42   46.500000       38.000000       298.08881       478.90329    
          43   46.000000       38.500000       264.02518       424.18091    
          44   46.000000       38.000000       283.57114       455.58633    
          45   45.500000       37.500000       294.47318       473.09662    
          46   45.500000       37.000000       302.81229       486.49615    
          47   45.000000       37.000000       262.06982       421.03638    
          48   45.000000       37.500000       236.87437       380.56223    
          49   44.500000       37.500000       215.01488       345.43774    
          50   44.500000       38.000000       173.63391       278.95813    
          51   44.500000       38.500000       155.28336       249.47658    
          52   44.000000       39.000000       182.03467       292.45276    
          53   44.000000       39.500000       60.132050       96.606552    
          54   43.500000       39.500000       170.53456       273.98151    
          55   43.500000       40.000000       51.836090       83.279961    
          56   43.000000       40.500000       105.99138       170.28560    
          57   43.000000       41.000000       32.373508       52.010746    
          58   42.500000       41.500000       154.75674       248.63127    
          59   42.000000       41.500000       83.495605       134.14276    
          60   41.500000       41.500000       39.540390       63.525772    
          61   41.000000       41.000000       7.9539523       12.778730    
          62   41.000000       40.500000       9.8987637       15.903235    
          63   41.000000       40.000000       14.989091       24.081598    
          64   41.000000       39.500000       18.109016       29.093645    
          65   41.000000       39.000000       20.843988       33.488220    
          66   41.000000       38.500000       29.607512       47.567116    
          67   41.000000       38.000000       28.647444       46.025078    
          68   41.000000       37.500000       16.721205       26.864075    
          69   41.000000       37.000000       10.796282       17.345188    
          70   41.500000       37.000000       85.369087       137.15277    
          71   41.500000       36.500000       64.721359       103.98087    
          72   41.500000       36.000000       18.850475       30.285070    
          73   41.500000       35.500000       7.4019489       11.891831    
          74   42.000000       35.000000       67.221733       107.99819    
          75   42.000000       34.500000       33.322823       53.536049    
          76   42.000000       34.000000       33.946404       54.538132    
          77   42.000000       33.500000       43.010441       69.100021    
          78   42.000000       33.000000       85.818657       137.87437    
          79   42.000000       32.500000       136.75443       219.70691    
          80   41.500000       32.000000       56.300499       90.452805    
          81   41.500000       31.500000       97.792259       157.11356    
          82   41.000000       31.500000       18.975500       30.485697    
          83   41.000000       31.000000       24.627411       39.566471    
          84   41.000000       30.500000       56.268536       90.398491    
          85   41.000000       30.000000       66.376724       106.64024    
          86   41.000000       29.500000       89.382187       143.59958    
          87   41.000000       29.000000       150.24655       241.38727    
          88   41.500000       28.500000       193.25069       310.47324    
          89   41.500000       28.000000       134.48053       216.05638    
          90   42.000000       38.000000       108.48569       174.29135    
          91   42.500000       27.500000       124.18644       199.51440    
          92   43.000000       28.000000       167.13849       268.52362    
